image_width: 2064
image_height: 1544
camera_name: "1711010"
camera_matrix:
  rows: 3
  cols: 3
  data: [2282.7982226401000, 0.0, 1019.4245610840109, 0.0, 2281.3788248133601, 776.64930714297725, 0.0, 0.0, 1.0]
distortion_model: "plumb_bob"
distortion_coefficients:
  rows: 1
  cols: 5
  data: [-0.12845530173875064, 0.19758894305198735, 0.00026830872432405552, -0.00072718785039465673, -0.059794063768349157]
rectification_matrix:
  rows: 3
  cols: 3
  data: [1, 0, 0, 0, 1, 0, 0, 0, 1]
projection_matrix:
  rows: 3
  cols: 4
  data: [2282.7982226401000, 0.0, 1019.4245610840109, 0.0, 0.0,  2281.3788248133601, 776.64930714297725, 0.0, 0.0, 0.0, 1.0, 0.0]